2022/03/28-14:00:56.794985 7f80559def80 RocksDB version: 6.12.7
2022/03/28-14:00:56.795053 7f80559def80 Git sha rocksdb_build_git_sha:@0@
2022/03/28-14:00:56.795055 7f80559def80 Compile date Jan  1 1980
2022/03/28-14:00:56.795188 7f80559def80 DB SUMMARY
2022/03/28-14:00:56.795190 7f80559def80 DB Session ID:  B7EQCWW7H8HSWMU94UIK
2022/03/28-14:00:56.795208 7f80559def80 SST files in /home/hitesh/Projects/coversite/.dfx/state/replicated_state/node-100/ic_consensus_pool/consensus dir, Total Num: 0, files: 
2022/03/28-14:00:56.795211 7f80559def80 Write Ahead Log file in /home/hitesh/Projects/coversite/.dfx/state/replicated_state/node-100/ic_consensus_pool/consensus: 
2022/03/28-14:00:56.795212 7f80559def80                         Options.error_if_exists: 0
2022/03/28-14:00:56.795214 7f80559def80                       Options.create_if_missing: 1
2022/03/28-14:00:56.795215 7f80559def80                         Options.paranoid_checks: 1
2022/03/28-14:00:56.795216 7f80559def80                                     Options.env: 0x56364ae0d8e0
2022/03/28-14:00:56.795218 7f80559def80                                      Options.fs: Posix File System
2022/03/28-14:00:56.795219 7f80559def80                                Options.info_log: 0x7f805545e940
2022/03/28-14:00:56.795220 7f80559def80                Options.max_file_opening_threads: 16
2022/03/28-14:00:56.795222 7f80559def80                              Options.statistics: (nil)
2022/03/28-14:00:56.795223 7f80559def80                               Options.use_fsync: 1
2022/03/28-14:00:56.795224 7f80559def80                       Options.max_log_file_size: 0
2022/03/28-14:00:56.795226 7f80559def80                  Options.max_manifest_file_size: 1073741824
2022/03/28-14:00:56.795227 7f80559def80                   Options.log_file_time_to_roll: 0
2022/03/28-14:00:56.795228 7f80559def80                       Options.keep_log_file_num: 1000
2022/03/28-14:00:56.795229 7f80559def80                    Options.recycle_log_file_num: 0
2022/03/28-14:00:56.795231 7f80559def80                         Options.allow_fallocate: 1
2022/03/28-14:00:56.795232 7f80559def80                        Options.allow_mmap_reads: 0
2022/03/28-14:00:56.795233 7f80559def80                       Options.allow_mmap_writes: 0
2022/03/28-14:00:56.795234 7f80559def80                        Options.use_direct_reads: 0
2022/03/28-14:00:56.795235 7f80559def80                        Options.use_direct_io_for_flush_and_compaction: 0
2022/03/28-14:00:56.795236 7f80559def80          Options.create_missing_column_families: 1
2022/03/28-14:00:56.795238 7f80559def80                              Options.db_log_dir: 
2022/03/28-14:00:56.795239 7f80559def80                                 Options.wal_dir: /home/hitesh/Projects/coversite/.dfx/state/replicated_state/node-100/ic_consensus_pool/consensus
2022/03/28-14:00:56.795240 7f80559def80                Options.table_cache_numshardbits: 6
2022/03/28-14:00:56.795242 7f80559def80                         Options.WAL_ttl_seconds: 0
2022/03/28-14:00:56.795243 7f80559def80                       Options.WAL_size_limit_MB: 0
2022/03/28-14:00:56.795244 7f80559def80                        Options.max_write_batch_group_size_bytes: 1048576
2022/03/28-14:00:56.795245 7f80559def80             Options.manifest_preallocation_size: 4194304
2022/03/28-14:00:56.795246 7f80559def80                     Options.is_fd_close_on_exec: 1
2022/03/28-14:00:56.795248 7f80559def80                   Options.advise_random_on_open: 1
2022/03/28-14:00:56.795249 7f80559def80                    Options.db_write_buffer_size: 0
2022/03/28-14:00:56.795250 7f80559def80                    Options.write_buffer_manager: 0x7f8051994020
2022/03/28-14:00:56.795252 7f80559def80         Options.access_hint_on_compaction_start: 1
2022/03/28-14:00:56.795253 7f80559def80  Options.new_table_reader_for_compaction_inputs: 0
2022/03/28-14:00:56.795254 7f80559def80           Options.random_access_max_buffer_size: 1048576
2022/03/28-14:00:56.795256 7f80559def80                      Options.use_adaptive_mutex: 0
2022/03/28-14:00:56.795257 7f80559def80                            Options.rate_limiter: (nil)
2022/03/28-14:00:56.795273 7f80559def80     Options.sst_file_manager.rate_bytes_per_sec: 0
2022/03/28-14:00:56.795275 7f80559def80                       Options.wal_recovery_mode: 2
2022/03/28-14:00:56.795276 7f80559def80                  Options.enable_thread_tracking: 0
2022/03/28-14:00:56.795277 7f80559def80                  Options.enable_pipelined_write: 0
2022/03/28-14:00:56.795278 7f80559def80                  Options.unordered_write: 0
2022/03/28-14:00:56.795279 7f80559def80         Options.allow_concurrent_memtable_write: 1
2022/03/28-14:00:56.795280 7f80559def80      Options.enable_write_thread_adaptive_yield: 1
2022/03/28-14:00:56.795281 7f80559def80             Options.write_thread_max_yield_usec: 100
2022/03/28-14:00:56.795282 7f80559def80            Options.write_thread_slow_yield_usec: 3
2022/03/28-14:00:56.795284 7f80559def80                               Options.row_cache: None
2022/03/28-14:00:56.795285 7f80559def80                              Options.wal_filter: None
2022/03/28-14:00:56.795286 7f80559def80             Options.avoid_flush_during_recovery: 0
2022/03/28-14:00:56.795287 7f80559def80             Options.allow_ingest_behind: 0
2022/03/28-14:00:56.795288 7f80559def80             Options.preserve_deletes: 0
2022/03/28-14:00:56.795289 7f80559def80             Options.two_write_queues: 0
2022/03/28-14:00:56.795290 7f80559def80             Options.manual_wal_flush: 0
2022/03/28-14:00:56.795291 7f80559def80             Options.atomic_flush: 0
2022/03/28-14:00:56.795292 7f80559def80             Options.avoid_unnecessary_blocking_io: 0
2022/03/28-14:00:56.795293 7f80559def80                 Options.persist_stats_to_disk: 0
2022/03/28-14:00:56.795294 7f80559def80                 Options.write_dbid_to_manifest: 0
2022/03/28-14:00:56.795296 7f80559def80                 Options.log_readahead_size: 0
2022/03/28-14:00:56.795297 7f80559def80                 Options.file_checksum_gen_factory: Unknown
2022/03/28-14:00:56.795298 7f80559def80                 Options.best_efforts_recovery: 0
2022/03/28-14:00:56.795299 7f80559def80                Options.max_bgerror_resume_count: 2147483647
2022/03/28-14:00:56.795300 7f80559def80            Options.bgerror_resume_retry_interval: 1000000
2022/03/28-14:00:56.795302 7f80559def80             Options.max_background_jobs: 2
2022/03/28-14:00:56.795303 7f80559def80             Options.max_background_compactions: -1
2022/03/28-14:00:56.795304 7f80559def80             Options.max_subcompactions: 1
2022/03/28-14:00:56.795305 7f80559def80             Options.avoid_flush_during_shutdown: 0
2022/03/28-14:00:56.795306 7f80559def80           Options.writable_file_max_buffer_size: 1048576
2022/03/28-14:00:56.795307 7f80559def80             Options.delayed_write_rate : 16777216
2022/03/28-14:00:56.795309 7f80559def80             Options.max_total_wal_size: 0
2022/03/28-14:00:56.795310 7f80559def80             Options.delete_obsolete_files_period_micros: 21600000000
2022/03/28-14:00:56.795311 7f80559def80                   Options.stats_dump_period_sec: 600
2022/03/28-14:00:56.795312 7f80559def80                 Options.stats_persist_period_sec: 600
2022/03/28-14:00:56.795313 7f80559def80                 Options.stats_history_buffer_size: 1048576
2022/03/28-14:00:56.795315 7f80559def80                          Options.max_open_files: -1
2022/03/28-14:00:56.795316 7f80559def80                          Options.bytes_per_sync: 0
2022/03/28-14:00:56.795317 7f80559def80                      Options.wal_bytes_per_sync: 0
2022/03/28-14:00:56.795318 7f80559def80                   Options.strict_bytes_per_sync: 0
2022/03/28-14:00:56.795319 7f80559def80       Options.compaction_readahead_size: 0
2022/03/28-14:00:56.795320 7f80559def80                  Options.max_background_flushes: -1
2022/03/28-14:00:56.795321 7f80559def80 Compression algorithms supported:
2022/03/28-14:00:56.795323 7f80559def80 	kZSTDNotFinalCompression supported: 1
2022/03/28-14:00:56.795329 7f80559def80 	kZSTD supported: 1
2022/03/28-14:00:56.795331 7f80559def80 	kXpressCompression supported: 0
2022/03/28-14:00:56.795332 7f80559def80 	kLZ4HCCompression supported: 1
2022/03/28-14:00:56.795340 7f80559def80 	kLZ4Compression supported: 1
2022/03/28-14:00:56.795341 7f80559def80 	kBZip2Compression supported: 1
2022/03/28-14:00:56.795342 7f80559def80 	kZlibCompression supported: 1
2022/03/28-14:00:56.795343 7f80559def80 	kSnappyCompression supported: 1
2022/03/28-14:00:56.795345 7f80559def80 Fast CRC32 supported: Supported on x86
2022/03/28-14:00:56.797370 7f80559def80 [db/db_impl/db_impl_open.cc:271] Creating manifest 1 
2022/03/28-14:00:56.801812 7f80559def80 [db/version_set.cc:4559] Recovering from manifest file: /home/hitesh/Projects/coversite/.dfx/state/replicated_state/node-100/ic_consensus_pool/consensus/MANIFEST-000001
2022/03/28-14:00:56.802071 7f80559def80 [db/column_family.cc:578] --------------- Options for column family [default]:
2022/03/28-14:00:56.802078 7f80559def80               Options.comparator: leveldb.BytewiseComparator
2022/03/28-14:00:56.802082 7f80559def80           Options.merge_operator: None
2022/03/28-14:00:56.802085 7f80559def80        Options.compaction_filter: None
2022/03/28-14:00:56.802087 7f80559def80        Options.compaction_filter_factory: None
2022/03/28-14:00:56.802090 7f80559def80  Options.sst_partitioner_factory: None
2022/03/28-14:00:56.802093 7f80559def80         Options.memtable_factory: SkipListFactory
2022/03/28-14:00:56.802096 7f80559def80            Options.table_factory: BlockBasedTable
2022/03/28-14:00:56.802148 7f80559def80            table_factory options:   flush_block_policy_factory: FlushBlockBySizePolicyFactory (0x7f80519924e0)
  cache_index_and_filter_blocks: 0
  cache_index_and_filter_blocks_with_high_priority: 1
  pin_l0_filter_and_index_blocks_in_cache: 0
  pin_top_level_index_and_filter: 1
  index_type: 0
  data_block_index_type: 0
  index_shortening: 1
  data_block_hash_table_util_ratio: 0.750000
  hash_index_allow_collision: 1
  checksum: 1
  no_block_cache: 0
  block_cache: 0x7f80519f4010
  block_cache_name: LRUCache
  block_cache_options:
    capacity : 8388608
    num_shard_bits : 4
    strict_capacity_limit : 0
    memory_allocator : None
    high_pri_pool_ratio: 0.000
  block_cache_compressed: (nil)
  persistent_cache: (nil)
  block_size: 4096
  block_size_deviation: 10
  block_restart_interval: 16
  index_block_restart_interval: 1
  metadata_block_size: 4096
  partition_filters: 0
  use_delta_encoding: 1
  filter_policy: nullptr
  whole_key_filtering: 1
  verify_compression: 0
  read_amp_bytes_per_bit: 0
  format_version: 4
  enable_index_compression: 1
  block_align: 0
2022/03/28-14:00:56.802155 7f80559def80        Options.write_buffer_size: 67108864
2022/03/28-14:00:56.802159 7f80559def80  Options.max_write_buffer_number: 2
2022/03/28-14:00:56.802162 7f80559def80          Options.compression: Snappy
2022/03/28-14:00:56.802165 7f80559def80                  Options.bottommost_compression: Disabled
2022/03/28-14:00:56.802168 7f80559def80       Options.prefix_extractor: nullptr
2022/03/28-14:00:56.802170 7f80559def80   Options.memtable_insert_with_hint_prefix_extractor: nullptr
2022/03/28-14:00:56.802173 7f80559def80             Options.num_levels: 7
2022/03/28-14:00:56.802176 7f80559def80        Options.min_write_buffer_number_to_merge: 1
2022/03/28-14:00:56.802179 7f80559def80     Options.max_write_buffer_number_to_maintain: 0
2022/03/28-14:00:56.802181 7f80559def80     Options.max_write_buffer_size_to_maintain: 0
2022/03/28-14:00:56.802184 7f80559def80            Options.bottommost_compression_opts.window_bits: -14
2022/03/28-14:00:56.802187 7f80559def80                  Options.bottommost_compression_opts.level: 32767
2022/03/28-14:00:56.802190 7f80559def80               Options.bottommost_compression_opts.strategy: 0
2022/03/28-14:00:56.802192 7f80559def80         Options.bottommost_compression_opts.max_dict_bytes: 0
2022/03/28-14:00:56.802195 7f80559def80         Options.bottommost_compression_opts.zstd_max_train_bytes: 0
2022/03/28-14:00:56.802198 7f80559def80         Options.bottommost_compression_opts.parallel_threads: 1
2022/03/28-14:00:56.802200 7f80559def80                  Options.bottommost_compression_opts.enabled: false
2022/03/28-14:00:56.802234 7f80559def80            Options.compression_opts.window_bits: -14
2022/03/28-14:00:56.802238 7f80559def80                  Options.compression_opts.level: 32767
2022/03/28-14:00:56.802240 7f80559def80               Options.compression_opts.strategy: 0
2022/03/28-14:00:56.802243 7f80559def80         Options.compression_opts.max_dict_bytes: 0
2022/03/28-14:00:56.802246 7f80559def80         Options.compression_opts.zstd_max_train_bytes: 0
2022/03/28-14:00:56.802248 7f80559def80         Options.compression_opts.parallel_threads: 1
2022/03/28-14:00:56.802251 7f80559def80                  Options.compression_opts.enabled: false
2022/03/28-14:00:56.802254 7f80559def80      Options.level0_file_num_compaction_trigger: 4
2022/03/28-14:00:56.802256 7f80559def80          Options.level0_slowdown_writes_trigger: 20
2022/03/28-14:00:56.802259 7f80559def80              Options.level0_stop_writes_trigger: 36
2022/03/28-14:00:56.802262 7f80559def80                   Options.target_file_size_base: 67108864
2022/03/28-14:00:56.802264 7f80559def80             Options.target_file_size_multiplier: 1
2022/03/28-14:00:56.802267 7f80559def80                Options.max_bytes_for_level_base: 268435456
2022/03/28-14:00:56.802270 7f80559def80 Options.level_compaction_dynamic_level_bytes: 0
2022/03/28-14:00:56.802272 7f80559def80          Options.max_bytes_for_level_multiplier: 10.000000
2022/03/28-14:00:56.802278 7f80559def80 Options.max_bytes_for_level_multiplier_addtl[0]: 1
2022/03/28-14:00:56.802281 7f80559def80 Options.max_bytes_for_level_multiplier_addtl[1]: 1
2022/03/28-14:00:56.802284 7f80559def80 Options.max_bytes_for_level_multiplier_addtl[2]: 1
2022/03/28-14:00:56.802286 7f80559def80 Options.max_bytes_for_level_multiplier_addtl[3]: 1
2022/03/28-14:00:56.802289 7f80559def80 Options.max_bytes_for_level_multiplier_addtl[4]: 1
2022/03/28-14:00:56.802292 7f80559def80 Options.max_bytes_for_level_multiplier_addtl[5]: 1
2022/03/28-14:00:56.802294 7f80559def80 Options.max_bytes_for_level_multiplier_addtl[6]: 1
2022/03/28-14:00:56.802297 7f80559def80       Options.max_sequential_skip_in_iterations: 8
2022/03/28-14:00:56.802300 7f80559def80                    Options.max_compaction_bytes: 1677721600
2022/03/28-14:00:56.802303 7f80559def80                        Options.arena_block_size: 8388608
2022/03/28-14:00:56.802305 7f80559def80   Options.soft_pending_compaction_bytes_limit: 68719476736
2022/03/28-14:00:56.802308 7f80559def80   Options.hard_pending_compaction_bytes_limit: 274877906944
2022/03/28-14:00:56.802311 7f80559def80       Options.rate_limit_delay_max_milliseconds: 100
2022/03/28-14:00:56.802314 7f80559def80                Options.disable_auto_compactions: 0
2022/03/28-14:00:56.802317 7f80559def80                        Options.compaction_style: kCompactionStyleLevel
2022/03/28-14:00:56.802321 7f80559def80                          Options.compaction_pri: kMinOverlappingRatio
2022/03/28-14:00:56.802324 7f80559def80 Options.compaction_options_universal.size_ratio: 1
2022/03/28-14:00:56.802326 7f80559def80 Options.compaction_options_universal.min_merge_width: 2
2022/03/28-14:00:56.802329 7f80559def80 Options.compaction_options_universal.max_merge_width: 4294967295
2022/03/28-14:00:56.802332 7f80559def80 Options.compaction_options_universal.max_size_amplification_percent: 200
2022/03/28-14:00:56.802334 7f80559def80 Options.compaction_options_universal.compression_size_percent: -1
2022/03/28-14:00:56.802338 7f80559def80 Options.compaction_options_universal.stop_style: kCompactionStopStyleTotalSize
2022/03/28-14:00:56.802340 7f80559def80 Options.compaction_options_fifo.max_table_files_size: 1073741824
2022/03/28-14:00:56.802343 7f80559def80 Options.compaction_options_fifo.allow_compaction: 0
2022/03/28-14:00:56.802352 7f80559def80                   Options.table_properties_collectors: 
2022/03/28-14:00:56.802355 7f80559def80                   Options.inplace_update_support: 0
2022/03/28-14:00:56.802358 7f80559def80                 Options.inplace_update_num_locks: 10000
2022/03/28-14:00:56.802378 7f80559def80               Options.memtable_prefix_bloom_size_ratio: 0.000000
2022/03/28-14:00:56.802382 7f80559def80               Options.memtable_whole_key_filtering: 0
2022/03/28-14:00:56.802384 7f80559def80   Options.memtable_huge_page_size: 0
2022/03/28-14:00:56.802387 7f80559def80                           Options.bloom_locality: 0
2022/03/28-14:00:56.802390 7f80559def80                    Options.max_successive_merges: 0
2022/03/28-14:00:56.802393 7f80559def80                Options.optimize_filters_for_hits: 0
2022/03/28-14:00:56.802396 7f80559def80                Options.paranoid_file_checks: 0
2022/03/28-14:00:56.802398 7f80559def80                Options.force_consistency_checks: 0
2022/03/28-14:00:56.802401 7f80559def80                Options.report_bg_io_stats: 0
2022/03/28-14:00:56.802404 7f80559def80                               Options.ttl: 2592000
2022/03/28-14:00:56.802406 7f80559def80          Options.periodic_compaction_seconds: 0
2022/03/28-14:00:56.803422 7f80559def80 [db/version_set.cc:4708] Recovered from manifest file:/home/hitesh/Projects/coversite/.dfx/state/replicated_state/node-100/ic_consensus_pool/consensus/MANIFEST-000001 succeeded,manifest_file_number is 1, next_file_number is 3, last_sequence is 0, log_number is 0,prev_log_number is 0,max_column_family is 0,min_log_number_to_keep is 0
2022/03/28-14:00:56.803433 7f80559def80 [db/version_set.cc:4724] Column family [default] (ID 0), log number is 0
2022/03/28-14:00:56.803624 7f80559def80 [db/version_set.cc:3949] Creating manifest 4
2022/03/28-14:00:56.808253 7f80559def80 [db/column_family.cc:578] --------------- Options for column family [RB]:
2022/03/28-14:00:56.808265 7f80559def80               Options.comparator: leveldb.BytewiseComparator
2022/03/28-14:00:56.808269 7f80559def80           Options.merge_operator: None
2022/03/28-14:00:56.808273 7f80559def80        Options.compaction_filter: filter_outdated
2022/03/28-14:00:56.808275 7f80559def80        Options.compaction_filter_factory: None
2022/03/28-14:00:56.808277 7f80559def80  Options.sst_partitioner_factory: None
2022/03/28-14:00:56.808280 7f80559def80         Options.memtable_factory: SkipListFactory
2022/03/28-14:00:56.808282 7f80559def80            Options.table_factory: BlockBasedTable
2022/03/28-14:00:56.808327 7f80559def80            table_factory options:   flush_block_policy_factory: FlushBlockBySizePolicyFactory (0x7f80519923b8)
  cache_index_and_filter_blocks: 0
  cache_index_and_filter_blocks_with_high_priority: 1
  pin_l0_filter_and_index_blocks_in_cache: 0
  pin_top_level_index_and_filter: 1
  index_type: 0
  data_block_index_type: 0
  index_shortening: 1
  data_block_hash_table_util_ratio: 0.750000
  hash_index_allow_collision: 1
  checksum: 1
  no_block_cache: 0
  block_cache: 0x7f8051968a10
  block_cache_name: LRUCache
  block_cache_options:
    capacity : 8388608
    num_shard_bits : 4
    strict_capacity_limit : 0
    memory_allocator : None
    high_pri_pool_ratio: 0.000
  block_cache_compressed: (nil)
  persistent_cache: (nil)
  block_size: 4096
  block_size_deviation: 10
  block_restart_interval: 16
  index_block_restart_interval: 1
  metadata_block_size: 4096
  partition_filters: 0
  use_delta_encoding: 1
  filter_policy: nullptr
  whole_key_filtering: 1
  verify_compression: 0
  read_amp_bytes_per_bit: 0
  format_version: 4
  enable_index_compression: 1
  block_align: 0
2022/03/28-14:00:56.808335 7f80559def80        Options.write_buffer_size: 67108864
2022/03/28-14:00:56.808338 7f80559def80  Options.max_write_buffer_number: 2
2022/03/28-14:00:56.808341 7f80559def80          Options.compression: NoCompression
2022/03/28-14:00:56.808343 7f80559def80                  Options.bottommost_compression: Disabled
2022/03/28-14:00:56.808345 7f80559def80       Options.prefix_extractor: nullptr
2022/03/28-14:00:56.808348 7f80559def80   Options.memtable_insert_with_hint_prefix_extractor: nullptr
2022/03/28-14:00:56.808350 7f80559def80             Options.num_levels: 7
2022/03/28-14:00:56.808353 7f80559def80        Options.min_write_buffer_number_to_merge: 1
2022/03/28-14:00:56.808355 7f80559def80     Options.max_write_buffer_number_to_maintain: 0
2022/03/28-14:00:56.808357 7f80559def80     Options.max_write_buffer_size_to_maintain: 0
2022/03/28-14:00:56.808359 7f80559def80            Options.bottommost_compression_opts.window_bits: -14
2022/03/28-14:00:56.808362 7f80559def80                  Options.bottommost_compression_opts.level: 32767
2022/03/28-14:00:56.808364 7f80559def80               Options.bottommost_compression_opts.strategy: 0
2022/03/28-14:00:56.808367 7f80559def80         Options.bottommost_compression_opts.max_dict_bytes: 0
2022/03/28-14:00:56.808369 7f80559def80         Options.bottommost_compression_opts.zstd_max_train_bytes: 0
2022/03/28-14:00:56.808372 7f80559def80         Options.bottommost_compression_opts.parallel_threads: 1
2022/03/28-14:00:56.808374 7f80559def80                  Options.bottommost_compression_opts.enabled: false
2022/03/28-14:00:56.808377 7f80559def80            Options.compression_opts.window_bits: -14
2022/03/28-14:00:56.808379 7f80559def80                  Options.compression_opts.level: 32767
2022/03/28-14:00:56.808381 7f80559def80               Options.compression_opts.strategy: 0
2022/03/28-14:00:56.808384 7f80559def80         Options.compression_opts.max_dict_bytes: 0
2022/03/28-14:00:56.808386 7f80559def80         Options.compression_opts.zstd_max_train_bytes: 0
2022/03/28-14:00:56.808388 7f80559def80         Options.compression_opts.parallel_threads: 1
2022/03/28-14:00:56.808391 7f80559def80                  Options.compression_opts.enabled: false
2022/03/28-14:00:56.808413 7f80559def80      Options.level0_file_num_compaction_trigger: 4
2022/03/28-14:00:56.808416 7f80559def80          Options.level0_slowdown_writes_trigger: 20
2022/03/28-14:00:56.808418 7f80559def80              Options.level0_stop_writes_trigger: 36
2022/03/28-14:00:56.808421 7f80559def80                   Options.target_file_size_base: 67108864
2022/03/28-14:00:56.808423 7f80559def80             Options.target_file_size_multiplier: 1
2022/03/28-14:00:56.808425 7f80559def80                Options.max_bytes_for_level_base: 268435456
2022/03/28-14:00:56.808427 7f80559def80 Options.level_compaction_dynamic_level_bytes: 0
2022/03/28-14:00:56.808430 7f80559def80          Options.max_bytes_for_level_multiplier: 10.000000
2022/03/28-14:00:56.808434 7f80559def80 Options.max_bytes_for_level_multiplier_addtl[0]: 1
2022/03/28-14:00:56.808437 7f80559def80 Options.max_bytes_for_level_multiplier_addtl[1]: 1
2022/03/28-14:00:56.808439 7f80559def80 Options.max_bytes_for_level_multiplier_addtl[2]: 1
2022/03/28-14:00:56.808442 7f80559def80 Options.max_bytes_for_level_multiplier_addtl[3]: 1
2022/03/28-14:00:56.808444 7f80559def80 Options.max_bytes_for_level_multiplier_addtl[4]: 1
2022/03/28-14:00:56.808446 7f80559def80 Options.max_bytes_for_level_multiplier_addtl[5]: 1
2022/03/28-14:00:56.808448 7f80559def80 Options.max_bytes_for_level_multiplier_addtl[6]: 1
2022/03/28-14:00:56.808451 7f80559def80       Options.max_sequential_skip_in_iterations: 8
2022/03/28-14:00:56.808453 7f80559def80                    Options.max_compaction_bytes: 1677721600
2022/03/28-14:00:56.808455 7f80559def80                        Options.arena_block_size: 8388608
2022/03/28-14:00:56.808458 7f80559def80   Options.soft_pending_compaction_bytes_limit: 68719476736
2022/03/28-14:00:56.808460 7f80559def80   Options.hard_pending_compaction_bytes_limit: 274877906944
2022/03/28-14:00:56.808462 7f80559def80       Options.rate_limit_delay_max_milliseconds: 100
2022/03/28-14:00:56.808465 7f80559def80                Options.disable_auto_compactions: 1
2022/03/28-14:00:56.808468 7f80559def80                        Options.compaction_style: kCompactionStyleLevel
2022/03/28-14:00:56.808471 7f80559def80                          Options.compaction_pri: kMinOverlappingRatio
2022/03/28-14:00:56.808473 7f80559def80 Options.compaction_options_universal.size_ratio: 1
2022/03/28-14:00:56.808475 7f80559def80 Options.compaction_options_universal.min_merge_width: 2
2022/03/28-14:00:56.808478 7f80559def80 Options.compaction_options_universal.max_merge_width: 4294967295
2022/03/28-14:00:56.808480 7f80559def80 Options.compaction_options_universal.max_size_amplification_percent: 200
2022/03/28-14:00:56.808482 7f80559def80 Options.compaction_options_universal.compression_size_percent: -1
2022/03/28-14:00:56.808485 7f80559def80 Options.compaction_options_universal.stop_style: kCompactionStopStyleTotalSize
2022/03/28-14:00:56.808487 7f80559def80 Options.compaction_options_fifo.max_table_files_size: 1073741824
2022/03/28-14:00:56.808490 7f80559def80 Options.compaction_options_fifo.allow_compaction: 0
2022/03/28-14:00:56.808498 7f80559def80                   Options.table_properties_collectors: 
2022/03/28-14:00:56.808501 7f80559def80                   Options.inplace_update_support: 0
2022/03/28-14:00:56.808503 7f80559def80                 Options.inplace_update_num_locks: 10000
2022/03/28-14:00:56.808505 7f80559def80               Options.memtable_prefix_bloom_size_ratio: 0.000000
2022/03/28-14:00:56.808508 7f80559def80               Options.memtable_whole_key_filtering: 0
2022/03/28-14:00:56.808511 7f80559def80   Options.memtable_huge_page_size: 0
2022/03/28-14:00:56.808513 7f80559def80                           Options.bloom_locality: 0
2022/03/28-14:00:56.808515 7f80559def80                    Options.max_successive_merges: 0
2022/03/28-14:00:56.808518 7f80559def80                Options.optimize_filters_for_hits: 0
2022/03/28-14:00:56.808520 7f80559def80                Options.paranoid_file_checks: 0
2022/03/28-14:00:56.808522 7f80559def80                Options.force_consistency_checks: 0
2022/03/28-14:00:56.808538 7f80559def80                Options.report_bg_io_stats: 0
2022/03/28-14:00:56.808540 7f80559def80                               Options.ttl: 2592000
2022/03/28-14:00:56.808543 7f80559def80          Options.periodic_compaction_seconds: 2592000
2022/03/28-14:00:56.808607 7f80559def80 [db/db_impl/db_impl.cc:2561] Created column family [RB] (ID 1)
2022/03/28-14:00:56.812933 7f80559def80 [db/column_family.cc:578] --------------- Options for column family [FZ]:
2022/03/28-14:00:56.812946 7f80559def80               Options.comparator: leveldb.BytewiseComparator
2022/03/28-14:00:56.812950 7f80559def80           Options.merge_operator: None
2022/03/28-14:00:56.812952 7f80559def80        Options.compaction_filter: filter_outdated
2022/03/28-14:00:56.812955 7f80559def80        Options.compaction_filter_factory: None
2022/03/28-14:00:56.812957 7f80559def80  Options.sst_partitioner_factory: None
2022/03/28-14:00:56.812960 7f80559def80         Options.memtable_factory: SkipListFactory
2022/03/28-14:00:56.812962 7f80559def80            Options.table_factory: BlockBasedTable
2022/03/28-14:00:56.812996 7f80559def80            table_factory options:   flush_block_policy_factory: FlushBlockBySizePolicyFactory (0x7f80519923d0)
  cache_index_and_filter_blocks: 0
  cache_index_and_filter_blocks_with_high_priority: 1
  pin_l0_filter_and_index_blocks_in_cache: 0
  pin_top_level_index_and_filter: 1
  index_type: 0
  data_block_index_type: 0
  index_shortening: 1
  data_block_hash_table_util_ratio: 0.750000
  hash_index_allow_collision: 1
  checksum: 1
  no_block_cache: 0
  block_cache: 0x7f8055426290
  block_cache_name: LRUCache
  block_cache_options:
    capacity : 8388608
    num_shard_bits : 4
    strict_capacity_limit : 0
    memory_allocator : None
    high_pri_pool_ratio: 0.000
  block_cache_compressed: (nil)
  persistent_cache: (nil)
  block_size: 4096
  block_size_deviation: 10
  block_restart_interval: 16
  index_block_restart_interval: 1
  metadata_block_size: 4096
  partition_filters: 0
  use_delta_encoding: 1
  filter_policy: nullptr
  whole_key_filtering: 1
  verify_compression: 0
  read_amp_bytes_per_bit: 0
  format_version: 4
  enable_index_compression: 1
  block_align: 0
2022/03/28-14:00:56.813001 7f80559def80        Options.write_buffer_size: 67108864
2022/03/28-14:00:56.813016 7f80559def80  Options.max_write_buffer_number: 2
2022/03/28-14:00:56.813020 7f80559def80          Options.compression: NoCompression
2022/03/28-14:00:56.813023 7f80559def80                  Options.bottommost_compression: Disabled
2022/03/28-14:00:56.813027 7f80559def80       Options.prefix_extractor: nullptr
2022/03/28-14:00:56.813030 7f80559def80   Options.memtable_insert_with_hint_prefix_extractor: nullptr
2022/03/28-14:00:56.813032 7f80559def80             Options.num_levels: 7
2022/03/28-14:00:56.813034 7f80559def80        Options.min_write_buffer_number_to_merge: 1
2022/03/28-14:00:56.813037 7f80559def80     Options.max_write_buffer_number_to_maintain: 0
2022/03/28-14:00:56.813039 7f80559def80     Options.max_write_buffer_size_to_maintain: 0
2022/03/28-14:00:56.813041 7f80559def80            Options.bottommost_compression_opts.window_bits: -14
2022/03/28-14:00:56.813043 7f80559def80                  Options.bottommost_compression_opts.level: 32767
2022/03/28-14:00:56.813046 7f80559def80               Options.bottommost_compression_opts.strategy: 0
2022/03/28-14:00:56.813048 7f80559def80         Options.bottommost_compression_opts.max_dict_bytes: 0
2022/03/28-14:00:56.813051 7f80559def80         Options.bottommost_compression_opts.zstd_max_train_bytes: 0
2022/03/28-14:00:56.813053 7f80559def80         Options.bottommost_compression_opts.parallel_threads: 1
2022/03/28-14:00:56.813055 7f80559def80                  Options.bottommost_compression_opts.enabled: false
2022/03/28-14:00:56.813057 7f80559def80            Options.compression_opts.window_bits: -14
2022/03/28-14:00:56.813060 7f80559def80                  Options.compression_opts.level: 32767
2022/03/28-14:00:56.813062 7f80559def80               Options.compression_opts.strategy: 0
2022/03/28-14:00:56.813064 7f80559def80         Options.compression_opts.max_dict_bytes: 0
2022/03/28-14:00:56.813066 7f80559def80         Options.compression_opts.zstd_max_train_bytes: 0
2022/03/28-14:00:56.813068 7f80559def80         Options.compression_opts.parallel_threads: 1
2022/03/28-14:00:56.813070 7f80559def80                  Options.compression_opts.enabled: false
2022/03/28-14:00:56.813094 7f80559def80      Options.level0_file_num_compaction_trigger: 4
2022/03/28-14:00:56.813097 7f80559def80          Options.level0_slowdown_writes_trigger: 20
2022/03/28-14:00:56.813099 7f80559def80              Options.level0_stop_writes_trigger: 36
2022/03/28-14:00:56.813102 7f80559def80                   Options.target_file_size_base: 67108864
2022/03/28-14:00:56.813104 7f80559def80             Options.target_file_size_multiplier: 1
2022/03/28-14:00:56.813106 7f80559def80                Options.max_bytes_for_level_base: 268435456
2022/03/28-14:00:56.813108 7f80559def80 Options.level_compaction_dynamic_level_bytes: 0
2022/03/28-14:00:56.813110 7f80559def80          Options.max_bytes_for_level_multiplier: 10.000000
2022/03/28-14:00:56.813115 7f80559def80 Options.max_bytes_for_level_multiplier_addtl[0]: 1
2022/03/28-14:00:56.813117 7f80559def80 Options.max_bytes_for_level_multiplier_addtl[1]: 1
2022/03/28-14:00:56.813119 7f80559def80 Options.max_bytes_for_level_multiplier_addtl[2]: 1
2022/03/28-14:00:56.813121 7f80559def80 Options.max_bytes_for_level_multiplier_addtl[3]: 1
2022/03/28-14:00:56.813124 7f80559def80 Options.max_bytes_for_level_multiplier_addtl[4]: 1
2022/03/28-14:00:56.813126 7f80559def80 Options.max_bytes_for_level_multiplier_addtl[5]: 1
2022/03/28-14:00:56.813128 7f80559def80 Options.max_bytes_for_level_multiplier_addtl[6]: 1
2022/03/28-14:00:56.813130 7f80559def80       Options.max_sequential_skip_in_iterations: 8
2022/03/28-14:00:56.813132 7f80559def80                    Options.max_compaction_bytes: 1677721600
2022/03/28-14:00:56.813134 7f80559def80                        Options.arena_block_size: 8388608
2022/03/28-14:00:56.813137 7f80559def80   Options.soft_pending_compaction_bytes_limit: 68719476736
2022/03/28-14:00:56.813139 7f80559def80   Options.hard_pending_compaction_bytes_limit: 274877906944
2022/03/28-14:00:56.813141 7f80559def80       Options.rate_limit_delay_max_milliseconds: 100
2022/03/28-14:00:56.813143 7f80559def80                Options.disable_auto_compactions: 1
2022/03/28-14:00:56.813146 7f80559def80                        Options.compaction_style: kCompactionStyleLevel
2022/03/28-14:00:56.813148 7f80559def80                          Options.compaction_pri: kMinOverlappingRatio
2022/03/28-14:00:56.813151 7f80559def80 Options.compaction_options_universal.size_ratio: 1
2022/03/28-14:00:56.813153 7f80559def80 Options.compaction_options_universal.min_merge_width: 2
2022/03/28-14:00:56.813155 7f80559def80 Options.compaction_options_universal.max_merge_width: 4294967295
2022/03/28-14:00:56.813157 7f80559def80 Options.compaction_options_universal.max_size_amplification_percent: 200
2022/03/28-14:00:56.813159 7f80559def80 Options.compaction_options_universal.compression_size_percent: -1
2022/03/28-14:00:56.813161 7f80559def80 Options.compaction_options_universal.stop_style: kCompactionStopStyleTotalSize
2022/03/28-14:00:56.813164 7f80559def80 Options.compaction_options_fifo.max_table_files_size: 1073741824
2022/03/28-14:00:56.813166 7f80559def80 Options.compaction_options_fifo.allow_compaction: 0
2022/03/28-14:00:56.813172 7f80559def80                   Options.table_properties_collectors: 
2022/03/28-14:00:56.813174 7f80559def80                   Options.inplace_update_support: 0
2022/03/28-14:00:56.813176 7f80559def80                 Options.inplace_update_num_locks: 10000
2022/03/28-14:00:56.813179 7f80559def80               Options.memtable_prefix_bloom_size_ratio: 0.000000
2022/03/28-14:00:56.813181 7f80559def80               Options.memtable_whole_key_filtering: 0
2022/03/28-14:00:56.813183 7f80559def80   Options.memtable_huge_page_size: 0
2022/03/28-14:00:56.813186 7f80559def80                           Options.bloom_locality: 0
2022/03/28-14:00:56.813188 7f80559def80                    Options.max_successive_merges: 0
2022/03/28-14:00:56.813190 7f80559def80                Options.optimize_filters_for_hits: 0
2022/03/28-14:00:56.813192 7f80559def80                Options.paranoid_file_checks: 0
2022/03/28-14:00:56.813194 7f80559def80                Options.force_consistency_checks: 0
2022/03/28-14:00:56.813208 7f80559def80                Options.report_bg_io_stats: 0
2022/03/28-14:00:56.813211 7f80559def80                               Options.ttl: 2592000
2022/03/28-14:00:56.813213 7f80559def80          Options.periodic_compaction_seconds: 2592000
2022/03/28-14:00:56.813261 7f80559def80 [db/db_impl/db_impl.cc:2561] Created column family [FZ] (ID 2)
2022/03/28-14:00:56.817347 7f80559def80 [db/column_family.cc:578] --------------- Options for column family [NZ]:
2022/03/28-14:00:56.817360 7f80559def80               Options.comparator: leveldb.BytewiseComparator
2022/03/28-14:00:56.817364 7f80559def80           Options.merge_operator: None
2022/03/28-14:00:56.817368 7f80559def80        Options.compaction_filter: filter_outdated
2022/03/28-14:00:56.817371 7f80559def80        Options.compaction_filter_factory: None
2022/03/28-14:00:56.817373 7f80559def80  Options.sst_partitioner_factory: None
2022/03/28-14:00:56.817376 7f80559def80         Options.memtable_factory: SkipListFactory
2022/03/28-14:00:56.817379 7f80559def80            Options.table_factory: BlockBasedTable
2022/03/28-14:00:56.817413 7f80559def80            table_factory options:   flush_block_policy_factory: FlushBlockBySizePolicyFactory (0x7f80519923e8)
  cache_index_and_filter_blocks: 0
  cache_index_and_filter_blocks_with_high_priority: 1
  pin_l0_filter_and_index_blocks_in_cache: 0
  pin_top_level_index_and_filter: 1
  index_type: 0
  data_block_index_type: 0
  index_shortening: 1
  data_block_hash_table_util_ratio: 0.750000
  hash_index_allow_collision: 1
  checksum: 1
  no_block_cache: 0
  block_cache: 0x7f8055426b10
  block_cache_name: LRUCache
  block_cache_options:
    capacity : 8388608
    num_shard_bits : 4
    strict_capacity_limit : 0
    memory_allocator : None
    high_pri_pool_ratio: 0.000
  block_cache_compressed: (nil)
  persistent_cache: (nil)
  block_size: 4096
  block_size_deviation: 10
  block_restart_interval: 16
  index_block_restart_interval: 1
  metadata_block_size: 4096
  partition_filters: 0
  use_delta_encoding: 1
  filter_policy: nullptr
  whole_key_filtering: 1
  verify_compression: 0
  read_amp_bytes_per_bit: 0
  format_version: 4
  enable_index_compression: 1
  block_align: 0
2022/03/28-14:00:56.817418 7f80559def80        Options.write_buffer_size: 67108864
2022/03/28-14:00:56.817421 7f80559def80  Options.max_write_buffer_number: 2
2022/03/28-14:00:56.817424 7f80559def80          Options.compression: NoCompression
2022/03/28-14:00:56.817427 7f80559def80                  Options.bottommost_compression: Disabled
2022/03/28-14:00:56.817429 7f80559def80       Options.prefix_extractor: nullptr
2022/03/28-14:00:56.817432 7f80559def80   Options.memtable_insert_with_hint_prefix_extractor: nullptr
2022/03/28-14:00:56.817434 7f80559def80             Options.num_levels: 7
2022/03/28-14:00:56.817437 7f80559def80        Options.min_write_buffer_number_to_merge: 1
2022/03/28-14:00:56.817440 7f80559def80     Options.max_write_buffer_number_to_maintain: 0
2022/03/28-14:00:56.817442 7f80559def80     Options.max_write_buffer_size_to_maintain: 0
2022/03/28-14:00:56.817445 7f80559def80            Options.bottommost_compression_opts.window_bits: -14
2022/03/28-14:00:56.817447 7f80559def80                  Options.bottommost_compression_opts.level: 32767
2022/03/28-14:00:56.817450 7f80559def80               Options.bottommost_compression_opts.strategy: 0
2022/03/28-14:00:56.817453 7f80559def80         Options.bottommost_compression_opts.max_dict_bytes: 0
2022/03/28-14:00:56.817455 7f80559def80         Options.bottommost_compression_opts.zstd_max_train_bytes: 0
2022/03/28-14:00:56.817458 7f80559def80         Options.bottommost_compression_opts.parallel_threads: 1
2022/03/28-14:00:56.817460 7f80559def80                  Options.bottommost_compression_opts.enabled: false
2022/03/28-14:00:56.817463 7f80559def80            Options.compression_opts.window_bits: -14
2022/03/28-14:00:56.817465 7f80559def80                  Options.compression_opts.level: 32767
2022/03/28-14:00:56.817468 7f80559def80               Options.compression_opts.strategy: 0
2022/03/28-14:00:56.817470 7f80559def80         Options.compression_opts.max_dict_bytes: 0
2022/03/28-14:00:56.817473 7f80559def80         Options.compression_opts.zstd_max_train_bytes: 0
2022/03/28-14:00:56.817475 7f80559def80         Options.compression_opts.parallel_threads: 1
2022/03/28-14:00:56.817478 7f80559def80                  Options.compression_opts.enabled: false
2022/03/28-14:00:56.817501 7f80559def80      Options.level0_file_num_compaction_trigger: 4
2022/03/28-14:00:56.817504 7f80559def80          Options.level0_slowdown_writes_trigger: 20
2022/03/28-14:00:56.817506 7f80559def80              Options.level0_stop_writes_trigger: 36
2022/03/28-14:00:56.817509 7f80559def80                   Options.target_file_size_base: 67108864
2022/03/28-14:00:56.817511 7f80559def80             Options.target_file_size_multiplier: 1
2022/03/28-14:00:56.817514 7f80559def80                Options.max_bytes_for_level_base: 268435456
